151
1 4 2 3
2 1 4 5
3 1 6 7
4 1 8 9
5 3 10 11
6 2 12 13
7 / 14 15
8 + 16 17
9 7 18 19
10 2 20 21
11 2 22 23
12 6 24 25
13 1 26 27
14 7 28 29
15 - 30 31
16 + 32 33
17 - 34 35
18 7 36 37
19 1 38 39
20 8 40 41
21 2 42 43
22 1 44 45
23 6 46 47
24 2 48 49
25 8 50 51
26 8 52 53
27 8 54 55
28 1 56 57
29 - 58 59
30 - 60 61
31 + 62 63
32 / 64 65
33 * 66 67
34 / 68 69
35 7 70 71
36 7 72 73
37 7 74 75
38 2 76 77
39 5 78 79
40 9 80 81
41 9 82 83
42 6 84 85
43 3 86 87
44 1 88 89
45 9 90 91
46 8 92 93
47 2 94 95
48 3 96 97
49 1 98 99
50 2 100 101
51 3 102 103
52 6 104 105
53 1 106 107
54 1 108 109
55 9 110 111
56 7 112 113
57 6 114 115
58 * 116 117
59 + 118 119
60 - 120 121
61 * 122 123
62 - 124 125
63 + 126 127
64 / 128 129
65 - 130 131
66 - 132 133
67 + 134 135
68 * 136 137
69 + 138 139
70 * 140 141
71 3 142 143
72 8 144 145
73 7 146 147
74 8 148 149
75 4 150 151
76 /
77 +
78 /
79 +
80 *
81 +
82 +
83 -
84 /
85 *
86 *
87 +
88 *
89 *
90 *
91 -
92 *
93 -
94 *
95 *
96 *
97 +
98 /
99 /
100 *
101 /
102 -
103 -
104 +
105 /
106 -
107 *
108 +
109 /
110 -
111 +
112 -
113 *
114 -
115 /
116 -
117 3
118 2
119 1
120 4
121 2
122 6
123 9
124 5
125 9
126 5
127 2
128 2
129 8
130 8
131 6
132 2
133 7
134 9
135 7
136 2
137 5
138 3
139 4
140 2
141 -
142 +
143 +
144 -
145 +
146 *
147 +
148 -
149 +
150 *
151 -