1
16
0 12448 6851 12839 10088 11824 6821 10119 6108 6930 2380 10216 7905 6444 2390 13248
11368 0 11404 10531 2955 11818 17228 11793 6034 5489 5239 13543 9421 4753 19679 8599
11592 10967 0 1947 6713 11855 11304 13892 14691 1644 6715 17167 4385 15498 10846 15865
4737 16986 3146 0 19413 13972 13814 16926 5396 16933 6318 3673 6204 10758 8606 223
7210 2397 2096 8026 0 10205 3378 10634 8898 12625 5730 17013 18007 5278 16817 16818
12569 1682 5908 321 156 0 4689 4500 2968 14162 9031 7341 6294 19644 2559 8275
9134 9855 5450 3346 11592 14520 0 18028 11507 11108 14128 6344 5943 8042 1684 12742
7304 10662 13463 8644 19785 6461 4825 0 12040 6947 16847 17924 5905 1833 3255 19220
12302 14705 10055 6367 2225 3402 8514 13397 0 8717 13344 11467 17329 1117 6963 8024
433 12431 14312 5853 2467 2072 14751 1814 15040 0 17667 2599 1486 7260 15956 4840
12085 9224 8723 9544 15535 18215 5885 12911 10004 3055 0 4132 14774 11105 6251 9114
469 17345 5205 6913 11125 9119 14786 18919 10343 7059 9720 0 7474 14729 777 11395
10814 8066 7548 4719 3677 8709 2094 18512 10888 7842 14726 8472 0 14194 10911 5674
18825 15832 9303 6789 7976 8462 7447 5103 8639 5585 590 11623 1578 0 11490 10290
3762 11425 4275 1606 14768 14576 11508 15692 16910 4994 19442 11410 2866 4541 0 7425
6081 10373 12081 14518 10808 14188 1748 7938 16635 5209 1288 93 16247 8093 4349 0